,A,B,C,D,E,F
A,1.0,-0.6919001615952782,0.4149780905356385,-0.6045738410628205,-0.5219849455350059,-0.5492437541268318
B,-0.6919001615952782,1.0,-0.5815163698485857,0.4872482647936614,0.3767351146174067,0.5404274361330085
C,0.4149780905356385,-0.5815163698485857,1.0,0.01702308398803151,0.05576639389138145,-0.17510186689490523
D,-0.6045738410628205,0.4872482647936614,0.01702308398803151,1.0,0.9343960278251461,0.6816603768756325
E,-0.5219849455350059,0.3767351146174067,0.05576639389138145,0.9343960278251461,1.0,0.6476248973025883
F,-0.5492437541268318,0.5404274361330085,-0.17510186689490523,0.6816603768756325,0.6476248973025883,1.0
